DateTime	Total New Zealand	Auckland	Waikato	Wellington	Canterbury	Rest of North Island	Rest of South Island
2001-01-01 00:00:00	1549	579	158	171	184	295	142
2001-02-01 00:00:00	1585	584	160	171	185	297	145
2001-03-01 00:00:00	1625	596	164	171	189	302	149
2001-03-31 23:00:00	1663	615	168	172	193	306	156
2001-05-01 00:00:00	1688	636	173	172	199	310	163
2001-06-01 00:00:00	1708	658	177	170	203	312	171
2001-07-01 00:00:00	1728	679	180	167	206	312	177
2001-08-01 00:00:00	1745	697	182	162	208	311	183
2001-09-01 00:00:00	1757	713	183	156	208	309	186
2001-09-30 23:00:00	1767	729	182	149	209	307	188
2001-11-01 00:00:00	1783	747	180	143	210	307	190
2001-12-01 00:00:00	1813	767	179	137	214	309	191
2002-01-01 00:00:00	1856	792	178	135	219	315	193
2002-02-01 00:00:00	1917	821	179	136	228	324	198
2002-03-01 00:00:00	1993	855	181	143	238	335	203
2002-03-31 23:00:00	2065	891	186	154	250	347	211
2002-05-01 00:00:00	2133	927	191	169	262	358	218
2002-06-01 00:00:00	2183	960	196	185	273	368	226
2002-07-01 00:00:00	2224	985	202	199	283	375	232
2002-08-01 00:00:00	2273	1000	207	210	289	379	237
2002-09-01 00:00:00	2319	1002	210	217	294	380	240
2002-09-30 23:00:00	2346	990	213	219	296	379	242
2002-11-01 00:00:00	2349	969	215	217	298	379	243
2002-12-01 00:00:00	2334	943	218	211	301	380	244
2003-01-01 00:00:00	2317	920	221	203	305	384	246
2003-02-01 00:00:00	2306	903	227	193	311	392	250
2003-03-01 00:00:00	2310	892	236	184	320	405	256
2003-03-31 23:00:00	2355	891	246	178	331	420	264
2003-05-01 00:00:00	2420	898	259	175	341	436	272
2003-06-01 00:00:00	2497	917	271	176	351	451	281
2003-07-01 00:00:00	2564	943	284	180	359	465	288
2003-08-01 00:00:00	2606	972	295	184	365	475	295
2003-09-01 00:00:00	2643	1005	304	190	368	482	299
2003-09-30 23:00:00	2680	1036	310	196	369	485	301
2003-11-01 00:00:00	2708	1062	314	201	370	485	300
2003-12-01 00:00:00	2734	1076	314	205	370	482	298
2004-01-01 00:00:00	2756	1079	313	207	371	479	294
2004-02-01 00:00:00	2768	1072	311	209	374	475	289
2004-03-01 00:00:00	2759	1059	309	210	377	473	284
2004-03-31 23:00:00	2699	1039	305	210	381	471	279
2004-05-01 00:00:00	2604	1018	300	207	385	470	274
2004-06-01 00:00:00	2503	997	295	202	386	471	268
2004-07-01 00:00:00	2412	976	290	195	386	472	261
2004-08-01 00:00:00	2357	955	284	187	382	472	255
2004-09-01 00:00:00	2337	930	278	177	376	471	248
2004-09-30 23:00:00	2346	903	271	166	367	469	242
2004-11-01 00:00:00	2366	873	265	155	356	466	236
2004-12-01 00:00:00	2361	839	259	145	345	464	232
2005-01-01 00:00:00	2319	801	256	136	335	463	229
2005-02-01 00:00:00	2247	759	256	131	327	465	230
2005-03-01 00:00:00	2172	714	257	129	321	471	231
2005-03-31 23:00:00	2118	669	260	132	318	478	234
2005-05-01 00:00:00	2088	629	264	137	317	487	238
2005-06-01 00:00:00	2064	595	267	144	318	497	242
2005-07-01 00:00:00	2052	571	268	150	321	507	244
2005-08-01 00:00:00	2051	559	268	157	324	516	246
2005-09-01 00:00:00	2067	556	267	163	328	522	245
2005-09-30 23:00:00	2102	559	264	167	331	526	242
2005-11-01 00:00:00	2145	562	259	169	335	526	238
2005-12-01 00:00:00	2184	565	256	168	338	523	234
2006-01-01 00:00:00	2199	570	253	167	341	518	231
2006-02-01 00:00:00	2182	579	254	165	345	513	232
2006-03-01 00:00:00	2140	589	257	163	349	507	235
2006-03-31 23:00:00	2100	598	264	161	352	503	242
2006-05-01 00:00:00	2092	607	272	161	355	501	251
2006-06-01 00:00:00	2131	613	282	160	357	499	260
2006-07-01 00:00:00	2193	612	292	159	358	498	268
2006-08-01 00:00:00	2239	605	300	157	358	496	275
2006-09-01 00:00:00	2248	591	306	155	357	493	279
2006-09-30 23:00:00	2215	574	311	153	355	491	281
2006-11-01 00:00:00	2164	556	313	153	354	488	282
2006-12-01 00:00:00	2117	539	315	155	354	484	281
2007-01-01 00:00:00	2093	525	316	159	356	481	280
2007-02-01 00:00:00	2097	516	317	165	361	479	280
2007-03-01 00:00:00	2123	510	318	173	368	479	280
2007-03-31 23:00:00	2160	510	318	181	375	479	281
2007-05-01 00:00:00	2182	515	317	188	381	481	283
2007-06-01 00:00:00	2180	523	315	194	385	483	285
2007-07-01 00:00:00	2154	529	309	196	386	485	286
2007-08-01 00:00:00	2113	532	301	194	384	484	284
2007-09-01 00:00:00	2065	528	290	188	378	482	280
2007-10-01 00:00:00	2015	517	277	180	367	476	274
2007-11-01 00:00:00	1969	500	262	170	354	467	266
2007-12-01 00:00:00	1928	479	247	162	338	455	258
2008-01-01 00:00:00	1888	455	233	155	322	441	249
2008-02-01 00:00:00	1837	428	222	152	307	424	241
2008-03-01 00:00:00	1767	402	213	152	292	406	233
2008-04-01 00:00:00	1678	375	206	153	277	386	227
2008-05-01 00:00:00	1580	349	201	153	264	365	220
2008-06-01 00:00:00	1481	324	197	152	251	343	212
2008-07-01 00:00:00	1386	300	192	148	238	320	205
2008-08-01 00:00:00	1299	281	185	142	224	298	196
2008-09-01 00:00:00	1222	265	176	132	211	278	188
2008-10-01 00:00:00	1159	255	165	121	197	259	181
2008-11-01 00:00:00	1112	249	153	109	185	244	174
2008-12-01 00:00:00	1080	246	142	97	174	233	168
2009-01-01 00:00:00	1066	246	133	87	168	228	163
2009-02-01 00:00:00	1067	249	127	81	166	229	160
2009-03-01 00:00:00	1078	252	125	78	169	236	159
2009-04-01 00:00:00	1092	257	127	79	175	247	159
2009-05-01 00:00:00	1111	262	132	84	184	261	161
2009-06-01 00:00:00	1139	268	139	89	196	277	164
2009-07-01 00:00:00	1179	273	148	95	208	292	167
2009-08-01 00:00:00	1227	278	156	100	220	305	172
2009-09-01 00:00:00	1279	283	163	105	232	314	176
2009-10-01 00:00:00	1327	287	168	110	241	320	179
2009-11-01 00:00:00	1367	292	172	114	248	323	182
2009-12-01 00:00:00	1393	297	174	118	253	324	183
2010-01-01 00:00:00	1405	302	175	121	256	323	183
2010-02-01 00:00:00	1413	307	175	123	257	321	184
2010-03-01 00:00:00	1420	312	175	125	256	320	184
2010-04-01 00:00:00	1419	314	175	126	253	317	185
2010-05-01 00:00:00	1402	315	174	127	248	313	186
2010-06-01 00:00:00	1367	315	171	126	241	307	185
2010-07-01 00:00:00	1319	313	166	125	231	300	184
2010-08-01 00:00:00	1264	309	160	122	221	290	182
2010-09-01 00:00:00	1213	304	152	118	209	279	177
2010-10-01 00:00:00	1167	296	143	113	198	266	171
2010-11-01 00:00:00	1127	288	135	108	187	252	165
2010-12-01 00:00:00	1094	280	128	103	178	240	158
2011-01-01 00:00:00	1067	274	124	98	172	230	153
2011-02-01 00:00:00	1045	272	123	94	168	224	149
2011-03-01 00:00:00	1030	275	125	91	168	222	147
2011-04-01 00:00:00	1032	283	129	89	169	223	146
2011-05-01 00:00:00	1052	293	135	87	172	227	148
2011-06-01 00:00:00	1085	305	140	86	177	233	150
2011-07-01 00:00:00	1120	316	144	86	183	238	153
2011-08-01 00:00:00	1155	326	147	86	190	242	156
2011-09-01 00:00:00	1182	334	148	86	198	245	157
2011-10-01 00:00:00	1202	337	148	87	207	246	157
2011-11-01 00:00:00	1221	337	146	89	217	246	156
2011-12-01 00:00:00	1240	335	143	91	230	244	154
2012-01-01 00:00:00	1258	332	141	93	245	241	154
2012-02-01 00:00:00	1276	331	140	96	262	239	155
2012-03-01 00:00:00	1290	332	141	100	280	239	159
2012-04-01 00:00:00	1306	337	143	103	299	240	165
2012-05-01 00:00:00	1328	347	146	106	316	243	172
2012-06-01 00:00:00	1357	360	149	108	331	246	179
2012-07-01 00:00:00	1391	375	152	108	344	250	185
2012-08-01 00:00:00	1421	389	154	107	354	252	189
2012-09-01 00:00:00	1446	400	156	105	362	253	190
2012-10-01 00:00:00	1470	410	159	103	368	254	188
2012-11-01 00:00:00	1493	418	161	100	372	254	184
2012-12-01 00:00:00	1521	423	163	98	376	255	179
2013-01-01 00:00:00	1563	428	166	96	383	257	173
2013-02-01 00:00:00	1613	434	170	97	393	260	168
2013-03-01 00:00:00	1660	443	174	99	406	264	165
2013-04-01 00:00:00	1696	456	179	104	424	268	165
2013-05-01 00:00:00	1716	472	184	110	444	272	167
2013-06-01 00:00:00	1726	490	187	117	465	276	170
2013-07-01 00:00:00	1740	509	190	124	487	280	173
2013-08-01 00:00:00	1769	526	193	131	506	283	177
2013-09-01 00:00:00	1814	541	195	135	523	285	180
2013-10-01 00:00:00	1866	553	197	138	537	285	182
2013-11-01 00:00:00	1919	564	199	139	549	285	184
2013-12-01 00:00:00	1965	573	202	137	558	283	185
2014-01-01 00:00:00	2000	582	205	135	564	282	187
2014-02-01 00:00:00	2028	593	208	132	569	283	190
2014-03-01 00:00:00	2057	606	210	129	575	285	194
2014-04-01 00:00:00	2080	622	211	127	582	288	198
2014-05-01 00:00:00	2087	637	210	126	591	291	202
2014-06-01 00:00:00	2079	650	207	126	601	294	205
2014-07-01 00:00:00	2060	661	203	127	611	297	206
2014-08-01 00:00:00	2040	666	198	129	617	298	204
2014-09-01 00:00:00	2036	667	194	131	619	298	201
2014-10-01 00:00:00	2056	664	190	133	615	297	195
2014-11-01 00:00:00	2092	661	188	134	606	295	190
2014-12-01 00:00:00	2137	658	189	134	595	292	186
2015-01-01 00:00:00	2175	658	193	133	583	291	184
2015-02-01 00:00:00	2192	666	201	132	571	293	186
2015-03-01 00:00:00	2193	683	211	131	561	298	190
2015-04-01 00:00:00	2183	705	222	130	554	308	197
2015-05-01 00:00:00	2175	732	234	129	549	322	204
2015-06-01 00:00:00	2172	759	247	127	547	338	211
2015-07-01 00:00:00	2185	782	257	125	546	354	216
2015-08-01 00:00:00	2220	796	266	122	546	371	218
2015-09-01 00:00:00	2274	802	273	119	545	385	217
2015-10-01 00:00:00	2332	801	278	116	542	397	214
2015-11-01 00:00:00	2376	795	282	114	538	407	209
2015-12-01 00:00:00	2396	786	285	115	532	415	205
2016-01-01 00:00:00	2396	781	287	118	527	422	203
2016-02-01 00:00:00	2400	785	291	125	524	431	204
2016-03-01 00:00:00	2419	798	295	134	521	441	210
2016-04-01 00:00:00	2457	817	298	144	519	452	218
2016-05-01 00:00:00	2514	839	302	154	516	463	229
2016-06-01 00:00:00	2575	860	304	162	510	475	240
2016-07-01 00:00:00	2614	876	305	168	500	484	251
2016-08-01 00:00:00	2610	882	304	169	486	492	259
2016-09-01 00:00:00	2567	878	301	167	469	496	265
2016-10-01 00:00:00	2504	866	297	162	450	496	269
2016-11-01 00:00:00	2453	850	292	156	432	494	271
2016-12-01 00:00:00	2429	835	289	152	418	491	272
2017-01-01 00:00:00	2437	828	288	151	409	489	273
2017-02-01 00:00:00	2463	831	288	155	406	489	276
2017-03-01 00:00:00	2503	847	292	164	409	492	281
2017-04-01 00:00:00	2553	873	297	176	417	497	287
2017-05-01 00:00:00	2605	906	303	191	426	504	295
2017-06-01 00:00:00	2651	940	309	207	436	511	303
2017-07-01 00:00:00	2685	975	314	222	446	519	310
2017-08-01 00:00:00	2714	1010	320	236	460	528	318
2017-09-01 00:00:00	2736	1038	325	259	474	534	325